10
0.025 0.00 0.00 0.00 0.025 0.025 0.00 0.10 0.00 0.025
0.025 0.00 0.10 0.00 0.025 0.025 0.00 0.10 0.00 0.025
0.10 0.00 0.00 0.00 0.10 0.025 0.00 0.10 0.00 0.025
0.025 0.00 0.10 0.00 0.025 0.10 0.00 0.00 0.00 0.10
0.10 0.00 0.00 0.00 0.10 0.10 0.00 0.00 0.00 0.10
0.025 0.00 0.10 0.00 0.025 0.10 0.00 0.00 0.00 0.10
0.10 0.00 0.00 0.00 0.10 0.10 0.00 0.00 0.00 0.10
0.025 0.00 0.10 0.00 0.025 0.025 0.00 0.10 0.00 0.025
0.10 0.00 0.00 0.00 0.10 0.025 0.00 0.10 0.00 0.025
0.025 0.00 0.10 0.00 0.025 0.10 0.00 0.00 0.00 0.10